Version: 1
Name: BlueMetal
UUID: d8e7846ca068eb85d5589647caca498e
Type: Material
AlbedoColor: [0, 0.814671814, 0.767490149, 1]
Metalness: 1
Roughness: 0
Emission: 0
Tiling: 0
UseNormalMap: 1
UseMetalnessMap: 1
UseRoughnessMap: 1
UseOcclusionMap: 0
Textures:
  Albedo: f7d101cf298235faf376b28919cd25fd
  Normal: 4b521285aab87a184ba58d4902fe0080
  Metalness: 7fcc07abd245c0d50197cb8eafca936c
  Roughness: e0bdc0bb0491787acef9e9a7a368a19f
Pipeline: 10772ae23a23f9e599219445f959a875